2626
3315
4600
5199
6497
7140
8338
8967
10757
11416
12236
13084
13920
14896
17637
19447
20325
21144
22102
23005
23903
24823
25679
26577
27471
28331
29306
30210
31093
31976
32836
33711
34613
35526
36437
37346
38210
39078
40019
40921
41743
42671
43565
44464
45366
46237
47138
48039
48973
49826
50727
51714
52617
53540
54392
55290
56193
57052
57939
58845
59706
60632
61512
62448
63333
64221
65107
66016
66918
67831
68700
69587
70489
71397
72295
73197
74073
74966
75883
76758
77638
78521
79454
80343
81242
82113
82962